%YAML:1.0
---
# Stereo Camera Calibration
M1: !!opencv-matrix
   rows: 3
   cols: 3
   dt: d
   data: [ 3.0550106402916535e+04, 0., 1.4511865640408523e+03, 0.,
       3.0909192515298055e+04, 3.2741830904706507e+02, 0., 0., 1. ]
d1: !!opencv-matrix
   rows: 1
   cols: 14
   dt: d
   data: [ 8.8407560827929519e+00, -1.1510719093043863e+02, 0., 0., 0.,
       0., 0., 0., 0., 0., 0., 0., 0., 0. ]
M2: !!opencv-matrix
   rows: 3
   cols: 3
   dt: d
   data: [ 1.2610830204434518e+04, 0., -4.0847583486530671e+03, 0.,
       1.2070321293813633e+04, 4.7465372230642640e+02, 0., 0., 1. ]
d2: !!opencv-matrix
   rows: 1
   cols: 14
   dt: d
   data: [ -6.2752982000196300e-01, 1.0114794821530049e+00, 0., 0., 0.,
       0., 0., 0., 0., 0., 0., 0., 0., 0. ]
R: !!opencv-matrix
   rows: 3
   cols: 3
   dt: d
   data: [ 8.2524700962623232e-01, -1.6778742148581584e-02,
       5.6452267174567283e-01, 2.3616594098333415e-02,
       9.9970951543254472e-01, -4.8105339434507538e-03,
       -5.6427797191291806e-01, 1.7301981549462487e-02,
       8.2540354484840095e-01 ]
T: !!opencv-matrix
   rows: 3
   cols: 1
   dt: d
   data: [ -1.0381343177017473e+02, 2.1974540449012872e-01,
       -1.2614649331188696e+02 ]
E: !!opencv-matrix
   rows: 3
   cols: 3
   dt: d
   data: [ 2.8551530382920918e+00, 1.2611365173327532e+02,
       -4.2545335209381774e-01, -1.6268164911706452e+02,
       3.9127575653018685e+00, 1.4475419150205752e+01,
       -2.6330639180058326e+00, -1.0377958851887065e+02,
       3.7534677446993336e-01 ]
F: !!opencv-matrix
   rows: 3
   cols: 3
   dt: d
   data: [ 6.5114894420928401e-08, 2.8427463980886923e-06,
       -1.3216866228852586e-03, -3.8762730610897754e-06,
       9.2147552434698687e-08, 1.6132089901264565e-02,
       1.3485868444242826e-03, -1.7932459783172348e-02, 1. ]
calibrationError: 5.6555862886382646e-01
imageSize: !!opencv-matrix
   rows: 2
   cols: 1
   dt: d
   data: [ 1024., 768. ]
gridsize: !!opencv-matrix
   rows: 2
   cols: 1
   dt: d
   data: [ 4., 5. ]
# Rigid Transform
t: !!opencv-matrix
   rows: 2
   cols: 1
   dt: f
   data: [ 3.30532562e+02, -1.24761963e+00 ]
angle: -8.9939395206581462e-03
