%YAML:1.0
---
# Stereo Camera Calibration
M1: !!opencv-matrix
   rows: 3
   cols: 3
   dt: d
   data: [ 3.5115581152919374e+04, 0., 6.5202892731611166e+02, 0.,
       2.5240194007021670e+04, 3.8694761537164135e+02, 0., 0., 1. ]
d1: !!opencv-matrix
   rows: 1
   cols: 14
   dt: d
   data: [ 4.7416270453177830e+01, -1.7389018859728547e+00, 0., 0., 0.,
       0., 0., 0., 0., 0., 0., 0., 0., 0. ]
M2: !!opencv-matrix
   rows: 3
   cols: 3
   dt: d
   data: [ 2.3546868043840637e+04, 0., -3.8662691576856872e+02, 0.,
       2.4905915213868408e+04, 3.2313858966460811e+02, 0., 0., 1. ]
d2: !!opencv-matrix
   rows: 1
   cols: 14
   dt: d
   data: [ 1.4834146023866495e+01, 5.1198573641692398e+01, 0., 0., 0.,
       0., 0., 0., 0., 0., 0., 0., 0., 0. ]
R: !!opencv-matrix
   rows: 3
   cols: 3
   dt: d
   data: [ 8.0663788148998372e-01, -2.0428500115854158e-02,
       5.9069281740035373e-01, 2.3133582156883003e-02,
       9.9972793009956207e-01, 2.9838155833954699e-03,
       -5.9059306254132526e-01, 1.1257982139864849e-02,
       8.0689100398764935e-01 ]
T: !!opencv-matrix
   rows: 3
   cols: 1
   dt: d
   data: [ -1.1962417889727718e+02, -7.4234433908581643e-02,
       4.2158911447763266e+01 ]
E: !!opencv-matrix
   rows: 3
   cols: 3
   dt: d
   data: [ -9.3144429995349598e-01, -4.2148277006854208e+01,
       -1.8569351386377594e-01, -3.6642235152786718e+01,
       4.8548354212662692e-01, 1.2142663999323347e+02,
       -2.7074554639682051e+00, -1.1959314925697632e+02,
       -3.1308674223100269e-01 ]
F: !!opencv-matrix
   rows: 3
   cols: 3
   dt: d
   data: [ 1.9766401282322283e-07, 1.2443934475845286e-05,
       -3.5602525850328415e-03, 7.3516245722279720e-06,
       -1.3551365114297467e-07, -8.6023155503714221e-01,
       1.1229812844135788e-02, 8.3626896720919752e-01, 1. ]
calibrationError: 9.6234293026033484e+00
imageSize: !!opencv-matrix
   rows: 2
   cols: 1
   dt: d
   data: [ 1024., 768. ]
gridsize: !!opencv-matrix
   rows: 2
   cols: 1
   dt: d
   data: [ 4., 5. ]
# Rigid Transform
t: !!opencv-matrix
   rows: 2
   cols: 1
   dt: f
   data: [ -1.65023804e+00, -1.04827271e+01 ]
angle: 1.9051270505945316e-02
